1 280 480370689
0 0 0 0 0 0 0 0 0 24
1 0 1 0 0 1 1 0 3 24
2 0 0 1 1 1 3328 0 2 24
3 0 1 2 3 7 3324 0 1 24
4 0 3328 0 3328 3328 3328 0 0 24
5 0 3328 3328 3328 0 3327 0 3 24
6 0 1664 1109 665 111 3217 0 2 24
7 0 2837 950 583 744 1601 0 1 24
8 0 129 3310 198 3025 562 0 0 24
9 0 882 2831 1624 1077 687 0 3 24
10 0 2239 3093 298 1820 2658 0 2 24
11 0 3117 2592 3229 250 2655 0 1 24
12 0 2636 204 1972 2115 3157 0 0 24
13 0 1419 133 1986 2566 272 0 3 24
14 0 2399 2172 1906 955 514 0 2 24
15 0 2928 1155 296 1921 606 0 1 24
16 0 1417 2223 2403 241 2593 0 0 24
17 0 1493 1293 1586 1527 1459 0 3 24
18 0 2294 2560 1045 978 281 0 2 24
19 0 2873 795 2753 1026 1391 0 1 24
20 0 47 472 2991 303 3120 0 0 24
21 0 1981 1706 2184 2734 1228 0 3 24
22 0 468 491 3013 1775 2490 0 2 24
23 0 2340 909 2255 1471 3209 0 1 24
24 0 112 1139 1767 2009 1544 0 0 24
25 0 571 2759 2912 1902 2569 0 3 24
26 0 3252 2328 3076 172 3003 0 2 24
27 0 1046 1288 393 1222 870 0 1 24
28 0 1152 1793 521 3185 2448 0 0 24
29 0 291 1851 168 1662 2249 0 3 24
30 0 2024 3312 2307 2753 1295 0 2 24
31 0 2903 480 1284 29 2448 0 1 24
32 0 1063 192 2348 2464 2991 0 0 24
33 0 2458 1348 1304 2538 2378 0 3 24
34 0 1849 2630 2749 1131 2567 0 2 24
35 0 2168 2972 2625 492 515 0 1 24
36 0 2863 1050 2374 2142 255 0 0 24
37 0 1281 3055 221 649 1913 0 3 24
38 0 2192 2464 2920 3103 1281 0 2 24
39 0 250 757 1540 880 2949 0 1 24
40 0 3225 252 1641 632 2489 0 0 24
41 0 2560 61 2487 1133 658 0 3 24
42 0 2885 2449 1582 2247 194 0 2 24
43 0 42 1365 2466 513 2900 0 1 24
44 0 2433 1748 1734 746 791 0 0 24
45 0 2338 908 2628 1669 3007 0 3 24
46 0 1358 716 1850 1016 1700 0 2 24
47 0 3309 638 2124 189 3100 0 1 24
48 0 693 2881 1246 1757 2958 0 0 24
49 0 1454 824 3146 467 2441 0 3 24
50 0 2140 1358 94 3290 990 0 2 24
51 0 2087 457 1015 3211 963 0 1 24
52 0 212 1781 845 449 3304 0 0 24
53 0 2292 1831 3317 294 961 0 3 24
54 0 1332 2032 3068 291 2373 0 2 24
55 0 2452 2265 1975 1651 3253 0 1 24
56 0 1413 2440 226 239 2587 0 0 24
57 0 1040 529 371 888 1192 0 3 24
58 0 1865 3222 2327 2551 1179 0 2 24
59 0 3163 80 1906 2509 488 0 1 24
60 0 2141 2287 44 2899 1383 0 0 24
61 0 1994 1492 918 102 557 0 3 24
62 0 2303 1181 1065 1706 2900 0 2 24
63 0 904 2974 2316 987 821 0 1 24
64 0 2761 2733 2310 878 1315 0 0 24
65 0 1287 158 2160 3009 2894 0 3 24
66 0 2060 1539 601 1537 2583 0 2 24
67 0 1553 3208 2995 2019 1087 0 1 24
68 0 1776 3009 1235 2727 825 0 0 24
69 0 219 346 3224 508 3259 0 3 24
70 0 2680 1100 1368 2772 2588 0 2 24
71 0 2739 486 444 2138 11 0 1 24
72 0 1719 1450 2454 1318 2120 0 0 24
73 0 774 3244 1698 2920 1957 0 3 24
74 0 1282 1205 774 1832 732 0 2 24
75 0 666 880 243 1450 3211 0 1 24
76 0 3004 2475 2788 2287 392 0 0 24
77 0 522 196 1595 216 828 0 3 24
78 0 2709 197 1200 2750 2668 0 2 24
79 0 1006 2017 678 313 1699 0 1 24
80 0 31 1860 2179 1578 1813 0 0 24
81 0 63 1567 1737 2149 1306 0 3 24
82 0 116 396 1758 523 3038 0 2 24
83 0 1665 2083 756 1796 1534 0 1 24
84 0 1211 1779 2378 514 1908 0 0 24
85 0 1481 540 1174 2931 31 0 3 24
86 0 2916 1606 893 2275 228 0 2 24
87 0 3111 604 797 1794 1099 0 1 24
88 0 2644 896 2827 2267 3021 0 0 24
89 0 2728 1901 2668 1200 927 0 3 24
90 0 3310 1617 1089 3182 109 0 2 24
91 0 1260 1511 1156 251 2269 0 1 24
92 0 1397 253 76 651 2143 0 0 24
93 0 3157 2723 2364 2043 942 0 3 24
94 0 3181 1936 736 3265 3097 0 2 24
95 0 2949 2912 2762 3029 2869 0 1 24
96 0 1077 1706 2551 2080 74 0 0 24
97 0 909 2818 158 67 1751 0 3 24
98 0 736 2920 1738 2300 2501 0 2 24
99 0 631 1950 2435 1727 2864 0 1 24
100 0 1479 426 2417 2460 498 0 0 24
101 0 2835 1370 2015 315 2026 0 3 24
102 0 1686 2601 2789 1984 1388 0 2 24
103 0 1225 1868 1082 1698 752 0 1 24
104 0 1480 746 3328 734 2226 0 0 24
105 0 412 3151 3324 1302 2851 0 3 24
106 0 2527 3169 2578 2843 2211 0 2 24
107 0 2919 2047 804 852 1657 0 1 24
108 0 1686 3139 3318 447 2925 0 0 24
109 0 2043 2757 648 906 3180 0 3 24
110 0 1817 864 990 1624 2010 0 2 24
111 0 2728 1335 3143 764 1363 0 1 24
112 0 692 2838 3145 1153 231 0 0 24
113 0 2479 3293 3105 556 1073 0 3 24
114 0 2930 529 925 2892 2968 0 2 24
115 0 1960 1972 753 2142 1778 0 1 24
116 0 711 1271 966 96 1326 0 0 24
117 0 1812 470 281 722 2902 0 3 24
118 0 857 3104 362 2632 2411 0 2 24
119 0 2606 2443 1895 1452 431 0 1 24
120 0 2533 788 2565 3050 2016 0 0 24
121 0 1735 3041 2340 273 3197 0 3 24
122 0 1541 246 167 2675 407 0 2 24
123 0 1299 2712 1936 1898 700 0 1 24
124 0 2921 815 3326 476 2037 0 0 24
125 0 1220 2887 1803 3254 2515 0 3 24
126 0 145 494 2099 1732 1887 0 2 24
127 0 631 2443 290 24 1238 0 1 24
128 0 201 723 1032 641 3090 0 0 24
129 0 1396 898 1669 2108 684 0 3 24
130 0 1567 2118 43 2758 376 0 2 24
131 0 668 808 2318 2714 1951 0 1 24
132 0 2862 350 939 1941 454 0 0 24
133 0 1193 885 3218 2828 2887 0 3 24
134 0 300 150 2572 3265 664 0 2 24
135 0 2420 158 581 1006 505 0 1 24
136 1 0 0 0 0 0 0 0 24
137 1 1 0 0 1 1 0 3 24
138 1 0 1 1 1 8380416 0 2 24
139 1 1 2 3 7 8380412 0 1 24
140 1 8380416 0 8380416 8380416 8380416 0 0 24
141 1 8380416 8380416 8380416 0 8380415 0 3 24
142 1 4190208 2793472 1676083 6424986 1955430 0 2 24
143 1 1234567 7654321 543210 2952512 7897039 0 1 24
144 1 7826271 7056921 6008569 2567019 4705106 0 0 24
145 1 3411764 4607490 6345555 5374968 1448560 0 3 24
146 1 1276338 6413354 5087620 8306836 2626257 0 2 24
147 1 7484653 8085953 5046034 5204228 1384661 0 1 24
148 1 8079107 1400545 6272193 1057803 6719994 0 0 24
149 1 342486 5152834 1832664 7859148 1206241 0 3 24
150 1 1712473 4015490 588097 6769824 5035539 0 2 24
151 1 2476609 2630001 2352529 3173459 1779759 0 1 24
152 1 4791260 655057 1725068 7231856 2350664 0 0 24
153 1 1109147 1163315 358067 5574684 5024027 0 3 24
154 1 1176884 1065099 4770999 4266997 6467188 0 2 24
155 1 8050874 7058053 3032407 7931056 8170692 0 1 24
156 1 1386585 6612026 3260058 622547 2150623 0 0 24
157 1 6564651 7099803 8087052 8177068 4952234 0 3 24
158 1 3688881 8352296 5607249 8166024 7592155 0 2 24
159 1 2470651 5441225 2171054 740678 4200624 0 1 24
160 1 1347491 266903 29620 4281120 6794279 0 0 24
161 1 6965274 3981287 4679595 2595910 2954221 0 3 24
162 1 1928149 7258446 2514897 4927977 7308738 0 2 24
163 1 4130930 2970584 7618046 7404678 857182 0 1 24
164 1 5784942 2370372 6541164 2787068 402399 0 0 24
165 1 7178605 6866736 902588 2734019 3242774 0 3 24
166 1 4846938 2985900 8301672 1130790 182669 0 2 24
167 1 1896583 4057752 4850074 4076188 8097395 0 1 24
168 1 6352283 3946552 4160314 5664045 7040521 0 0 24
169 1 6864561 6602009 5510633 4876684 472021 0 3 24
170 1 4442345 4658649 3398661 990732 7893958 0 2 24
171 1 6054585 4349080 5034424 5548621 6560549 0 1 24
172 1 7173728 8319632 912711 6396133 7951323 0 0 24
173 1 2729080 6874027 1249180 6062894 7775683 0 3 24
174 1 2964909 676873 2102366 1037742 4892076 0 2 24
175 1 2985874 1903716 6330657 7265007 7087158 0 1 24
176 1 7821324 1956794 610406 2545512 4716719 0 0 24
177 1 7728425 6554684 1522409 3142767 3933666 0 3 24
178 1 2183965 7789215 2456067 3412936 954994 0 2 24
179 1 2970091 4343438 3182937 3496775 2443407 0 1 24
180 1 8119087 4433363 1235270 7052605 805152 0 0 24
181 1 722483 4911368 3061113 2947909 6877474 0 3 24
182 1 2937512 3525695 5524222 7182527 7072914 0 2 24
183 1 2873000 1390163 5437259 3945152 1800848 0 1 24
184 1 6587586 4406405 3028556 7814630 5360542 0 0 24
185 1 2612366 7440754 7356107 1166612 4058120 0 3 24
186 1 5272941 6877847 142685 7280602 3265280 0 2 24
187 1 4377172 1098406 4685127 4937127 3817217 0 1 24
188 1 6638888 3301897 4674923 4524260 373099 0 0 24
189 1 2756812 1980703 3951621 7684638 6209403 0 3 24
190 1 2019683 5136207 6636522 2763852 1275514 0 2 24
191 1 6743917 2102566 666997 7836188 5651646 0 1 24
192 1 5306534 4102702 2755692 2463294 8149774 0 0 24
193 1 5741715 3816648 1162215 8198518 3284912 0 3 24
194 1 447318 3975956 1058560 546189 348447 0 2 24
195 1 349826 359108 2846793 4561891 4518178 0 1 24
196 1 8086569 3030735 5524265 1539153 6253568 0 0 24
197 1 4305821 5018589 6397374 6923674 1687968 0 3 24
198 1 536483 2762072 1446428 1281808 8171575 0 2 24
199 1 3633839 6161382 2428261 6106279 1161399 0 1 24
200 1 5464609 5511008 2093652 5401476 5527742 0 0 24
201 1 2316790 3906122 6478892 2409091 2224489 0 3 24
202 1 1419591 4634174 837613 4260193 6959406 0 2 24
203 1 5338340 4857099 2553200 2178131 118132 0 1 24
204 1 6841509 4853531 5560572 3188603 2113998 0 0 24
205 1 566003 2273407 6382285 4803461 4708962 0 3 24
206 1 2440209 7935926 4122336 5844615 7416220 0 2 24
207 1 6334405 6942640 6244931 471486 3816907 0 1 24
208 1 6792023 1907362 6693622 3997703 1205926 0 0 24
209 1 5049453 5620842 7770789 807305 911184 0 3 24
210 1 5937751 8258507 683716 5747673 6127829 0 2 24
211 1 862666 3736638 2004607 7795996 2309753 0 1 24
212 1 7564751 5335277 8354752 5313909 1435176 0 0 24
213 1 2602985 2037928 320776 6567028 7019359 0 3 24
214 1 4532667 1801107 7765401 1668181 7397153 0 2 24
215 1 1983124 1384347 3777071 2072785 1893463 0 1 24
216 1 51576 7481781 2272723 7251150 1232419 0 0 24
217 1 3456935 2965351 5146545 6593874 319996 0 3 24
218 1 3033695 8364298 7422270 2296657 3770733 0 2 24
219 1 8062057 6805101 2012653 6752319 991378 0 1 24
220 1 7521946 5181244 476935 7329130 7714762 0 0 24
221 1 6901637 6924074 4487113 3916717 1506140 0 3 24
222 1 7952553 1225013 6055558 1226415 6298274 0 2 24
223 1 3179945 8118617 2224315 7549024 7191283 0 1 24
224 1 2376678 1269035 4875978 7660954 5472819 0 0 24
225 1 1479544 5604873 86438 3585148 7754357 0 3 24
226 1 4793359 5427757 5850158 43888 1162413 0 2 24
227 1 4742673 4564702 3481133 4565080 4920266 0 1 24
228 1 4821389 1602382 1012901 7030347 2612431 0 0 24
229 1 8340047 602016 5657434 5614855 2684822 0 3 24
230 1 3163118 7781239 1676045 4382469 1943767 0 2 24
231 1 3869644 7370944 2761000 8002504 8117201 0 1 24
232 1 2551844 940203 4513363 5554081 7930024 0 0 24
233 1 3036514 5923532 6418724 3902366 2170662 0 3 24
234 1 7355107 7716911 4043195 3640558 2689239 0 2 24
235 1 3485803 946041 5140071 1191298 5780308 0 1 24
236 1 234672 5766520 4536326 5227635 3622126 0 0 24
237 1 5246318 4903519 3912018 2650498 7842138 0 3 24
238 1 1265299 821652 6215837 3776964 7134051 0 2 24
239 1 2030558 5620604 2335339 5259890 7181643 0 1 24
240 1 296157 169424 5375632 2793816 6178915 0 0 24
241 1 1330250 5368397 4996605 6823013 4217904 0 3 24
242 1 4841487 2362999 5127987 3685026 5997948 0 2 24
243 1 5710990 5557472 4841428 6484142 4937838 0 1 24
244 1 3918822 1346119 3225002 10886 7826758 0 0 24
245 1 6418833 1325283 3966870 3459352 997897 0 3 24
246 1 4041215 5490091 3816092 5863101 2219329 0 2 24
247 1 2658519 2005796 5526300 6374925 7322530 0 1 24
248 1 6132187 7239170 1784139 2486842 1397115 0 0 24
249 1 4626824 7124286 1360870 2712097 6541551 0 3 24
250 1 681814 2782133 4333120 3168104 6575941 0 2 24
251 1 4727909 3462395 5050549 3199714 6256104 0 1 24
252 1 6587517 7261243 440782 8080154 5094880 0 0 24
253 1 942491 507847 3758237 3878148 6387251 0 3 24
254 1 2183397 6161701 1832263 4192453 174341 0 2 24
255 1 5766456 4977044 5554784 1091142 2061353 0 1 24
256 1 1630055 992611 7230771 3366822 8273705 0 0 24
257 1 5367079 1228300 1761413 1839340 514401 0 3 24
258 1 4426303 8033114 7392324 2393749 6458857 0 2 24
259 1 7660171 3792150 3896614 55863 6884062 0 1 24
260 1 3947207 7015379 4179786 1107696 6786718 0 0 24
261 1 1851251 2085746 3582243 6279009 5803910 0 3 24
262 1 3017621 1274936 7629127 4491613 1543629 0 2 24
263 1 1169313 4728549 7432239 1369757 968869 0 1 24
264 1 5967678 7862593 7211205 395784 3159155 0 0 24
265 1 2714208 5750896 5860653 7876627 5932206 0 3 24
266 1 4979987 1256413 4608615 5358087 4601887 0 2 24
267 1 4591603 5658927 10870 4867313 4315893 0 1 24
268 1 2822709 6049639 386064 3859458 1785960 0 0 24
269 1 8065441 5761038 2397680 2391610 5358855 0 3 24
270 1 581252 8047318 8077988 6766383 2776538 0 2 24
271 1 5901612 496377 5419402 453251 2969556 0 1 24
272 0 3329 0 0 0 0 1 3 0
273 0 0 3329 0 0 0 1 1 0
274 0 0 0 3329 0 0 1 2 0
275 1 8380417 0 0 0 0 1 3 0
276 1 0 8380417 0 0 0 1 1 0
277 1 0 0 8380417 0 0 1 2 0
278 2 0 0 0 0 0 1 3 0
279 3 0 0 0 0 0 1 1 0
